   -0.03722231
   -0.03646360
   -0.03466408
   -0.03460579
   -0.03700567
   -0.03830432
   -0.03743637
   -0.03678821
   -0.03708334
   -0.03759946
    0.00341706
    0.00262820
    0.00029768
    0.00086030
    0.00393716
    0.00505315
    0.00341478
    0.00243039
    0.00241051
    0.00266387
   -0.03697613
   -0.03683137
   -0.03764684
   -0.03827265
   -0.03653021
   -0.03436292
   -0.03497639
   -0.03671793
   -0.03724731
   -0.03728009
    0.00104757
    0.00049263
    0.00207651
    0.00321830
    0.00222174
    0.00127540
    0.00206366
    0.00229686
    0.00224290
    0.00189821
    0.00330899
    0.00455347
    0.00472102
    0.00365930
    0.00259012
    0.00170297
    0.00134970
    0.00213949
    0.00282399
    0.00313627
    0.00237572
    0.00250757
    0.00375430
    0.00511583
    0.00341053
    0.00041637
    0.00067468
    0.00294210
    0.00339482
    0.00307549
    0.00225484
    0.00229451
    0.00190616
    0.00130541
    0.00249185
    0.00319625
    0.00168094
    0.00045411
    0.00125032
    0.00200113
   -0.03773413
   -0.03747374
   -0.03777553
   -0.03792015
   -0.03639454
   -0.03541961
   -0.03566344
   -0.03655314
   -0.03719833
   -0.03727186
    0.00273925
    0.00195800
    0.00134150
    0.00181929
    0.00281034
    0.00384329
    0.00486636
    0.00431232
    0.00314034
    0.00260470
   -0.03713453
   -0.03636143
   -0.03555836
   -0.03549570
   -0.03669229
   -0.03802718
   -0.03766679
   -0.03750089
   -0.03776054
   -0.03752020
    0.03161620
    0.03281056
    0.03326035
    0.03226115
    0.03226474
    0.03351993
    0.03406948
    0.03286813
    0.03183449
    0.03171993
    0.03197441
    0.03313788
    0.03413108
    0.03325210
    0.03214467
    0.03243500
    0.03333614
    0.03256787
    0.03146893
    0.03150533
    0.03233615
    0.03409028
    0.03608529
    0.03407825
    0.03155533
    0.03339691
    0.03529538
    0.03388412
    0.03228017
    0.03141505
    0.03254266
    0.03420700
    0.03527684
    0.03276537
    0.03177783
    0.03467319
    0.03596630
    0.03361589
    0.03217072
    0.03167577
