C:cc-pVTZ
cc-pVTZ

  4
    0    1    2    3
    4    3    2    1
   10    5    2    1

8.236000D+03 1.235000D+03 2.808000D+02 7.927000D+01 2.559000D+01 
8.997000D+00 3.319000D+00 9.059000D-01 3.643000D-01 1.285000D-01 

5.310000D-04 0.000000D+00 -1.130000D-04 0.000000D+00 
4.108000D-03 0.000000D+00 -8.780000D-04 0.000000D+00 
2.108700D-02 0.000000D+00 -4.540000D-03 0.000000D+00 
8.185300D-02 0.000000D+00 -1.813300D-02 0.000000D+00 
2.348170D-01 0.000000D+00 -5.576000D-02 0.000000D+00 
4.344010D-01 0.000000D+00 -1.268950D-01 0.000000D+00 
3.461290D-01 0.000000D+00 -1.703520D-01 0.000000D+00 
3.937800D-02 1.000000D+00 1.403820D-01 0.000000D+00 
-8.983000D-03 0.000000D+00 5.986840D-01 0.000000D+00 
2.385000D-03 0.000000D+00 3.953890D-01 1.000000D+00 

1.871000D+01 4.133000D+00 1.200000D+00 3.827000D-01 1.209000D-01 

0.000000D+00 1.403100D-02 0.000000D+00 
0.000000D+00 8.686600D-02 0.000000D+00 
0.000000D+00 2.902160D-01 0.000000D+00 
1.000000D+00 5.010080D-01 0.000000D+00 
0.000000D+00 3.434060D-01 1.000000D+00 

1.097000D+00 3.180000D-01 

1.000000D+00 0.000000D+00 
0.000000D+00 1.000000D+00 

7.610000D-01 

1.0000000 

O:cc-pVTZ
cc-pVTZ

  4
    0    1    2    3
    4    3    2    1
   10    5    2    1

1.533000D+04 2.299000D+03 5.224000D+02 1.473000D+02 4.755000D+01 
1.676000D+01 6.207000D+00 1.752000D+00 6.882000D-01 2.384000D-01 

5.080000D-04 0.000000D+00 -1.150000D-04 0.000000D+00 
3.929000D-03 0.000000D+00 -8.950000D-04 0.000000D+00 
2.024300D-02 0.000000D+00 -4.636000D-03 0.000000D+00 
7.918100D-02 0.000000D+00 -1.872400D-02 0.000000D+00 
2.306870D-01 0.000000D+00 -5.846300D-02 0.000000D+00 
4.331180D-01 0.000000D+00 -1.364630D-01 0.000000D+00 
3.502600D-01 0.000000D+00 -1.757400D-01 0.000000D+00 
4.272800D-02 1.000000D+00 1.609340D-01 0.000000D+00 
-8.154000D-03 0.000000D+00 6.034180D-01 0.000000D+00 
2.381000D-03 0.000000D+00 3.787650D-01 1.000000D+00 

3.446000D+01 7.749000D+00 2.280000D+00 7.156000D-01 2.140000D-01 

0.000000D+00 1.592800D-02 0.000000D+00 
0.000000D+00 9.974000D-02 0.000000D+00 
0.000000D+00 3.104920D-01 0.000000D+00 
1.000000D+00 4.910260D-01 0.000000D+00 
0.000000D+00 3.363370D-01 1.000000D+00 

2.314000D+00 6.450000D-01 

1.000000D+00 0.000000D+00 
0.000000D+00 1.000000D+00 

1.428000D+00 

1.0000000 

Fe:cc-pVTZ
cc-pVTZ

  5
    0    1    2    3    4
    7    6    4    2    1
   20   16    8    2    1

4.316265D+06 6.463424D+05 1.470897D+05 4.166152D+04 1.359077D+04 
4.905750D+03 1.912746D+03 7.926043D+02 3.448065D+02 1.558999D+02 
7.223091D+01 3.272506D+01 1.566762D+01 7.503483D+00 3.312223D+00 
1.558471D+00 6.839140D-01 1.467570D-01 7.058300D-02 3.144900D-02 

8.048803D-06 -4.155954D-06 9.532178D-07 -2.063008D-07 -4.009367D-07 -6.966042D-07 0.000000D+00 
6.258306D-05 -3.231401D-05 7.414605D-06 -1.604169D-06 -3.189255D-06 -5.568036D-06 0.000000D+00 
3.290239D-04 -1.699525D-04 3.898393D-05 -8.438437D-06 -1.623079D-05 -2.813684D-05 0.000000D+00 
1.387355D-03 -7.171369D-04 1.647152D-04 -3.563151D-05 -7.157920D-05 -1.252418D-04 0.000000D+00 
5.023256D-03 -2.603625D-03 5.985980D-04 -1.295998D-04 -2.463958D-04 -4.260787D-04 0.000000D+00 
1.610140D-02 -8.399109D-03 1.942390D-03 -4.201534D-04 -8.544907D-04 -1.499060D-03 0.000000D+00 
4.590034D-02 -2.434109D-02 5.687237D-03 -1.231954D-03 -2.307593D-03 -3.979103D-03 0.000000D+00 
1.136154D-01 -6.251948D-02 1.501329D-02 -3.248922D-03 -6.728292D-03 -1.185686D-02 0.000000D+00 
2.283869D-01 -1.365929D-01 3.452455D-02 -7.493717D-03 -1.366165D-02 -2.346734D-02 0.000000D+00 
3.221159D-01 -2.312707D-01 6.495820D-02 -1.410102D-02 -3.062240D-02 -5.467736D-02 0.000000D+00 
2.383661D-01 -2.383734D-01 7.716194D-02 -1.691600D-02 -2.631137D-02 -4.393820D-02 0.000000D+00 
7.404667D-02 3.123837D-02 -1.873411D-02 4.218996D-03 -9.760183D-03 -2.376103D-02 0.000000D+00 
9.214197D-02 5.086818D-01 -3.009185D-01 6.833810D-02 1.801906D-01 3.435928D-01 0.000000D+00 
9.339790D-02 4.987695D-01 -4.554661D-01 1.098201D-01 1.529634D-01 3.192960D-01 0.000000D+00 
1.573965D-02 9.033552D-02 1.286463D-01 -4.009005D-02 5.505413D-02 -1.343207D-01 0.000000D+00 
-4.186682D-04 -6.005337D-03 7.183316D-01 -2.174739D-01 -9.551364D-01 -2.221020D+00 0.000000D+00 
5.376318D-05 2.312454D-04 4.051743D-01 -2.465135D-01 2.586813D-01 2.571142D+00 0.000000D+00 
-3.816654D-05 -5.643680D-04 2.168227D-02 2.731435D-01 1.834049D+00 -2.292404D-01 0.000000D+00 
4.319603D-05 4.992260D-04 -8.343566D-03 5.748321D-01 -9.333240D-01 -1.832452D+00 0.000000D+00 
-3.401019D-06 -1.015293D-04 3.658979D-03 3.012713D-01 -6.981605D-01 1.591333D+00 1.000000D+00 

1.774569D+04 4.200721D+03 1.364429D+03 5.220806D+02 2.214595D+02 
1.009096D+02 4.840115D+01 2.398536D+01 1.218250D+01 6.242298D+00 
3.110944D+00 1.509958D+00 7.108450D-01 2.731900D-01 1.042330D-01 
3.829100D-02 

4.100000D-05 -1.500000D-05 1.100000D-05 5.000000D-06 3.000000D-06 0.000000D+00 
3.690000D-04 -1.300000D-04 8.700000D-05 4.200000D-05 2.900000D-05 0.000000D+00 
2.129000D-03 -7.510000D-04 5.410000D-04 2.410000D-04 1.650000D-04 0.000000D+00 
9.369000D-03 -3.329000D-03 2.226000D-03 1.085000D-03 7.340000D-04 0.000000D+00 
3.309700D-02 -1.191200D-02 8.593000D-03 3.831000D-03 2.626000D-03 0.000000D+00 
9.443100D-02 -3.493300D-02 2.333900D-02 1.142300D-02 7.725000D-03 0.000000D+00 
2.080770D-01 -7.998900D-02 5.884400D-02 2.579200D-02 1.773300D-02 0.000000D+00 
3.323330D-01 -1.346360D-01 8.828900D-02 4.481800D-02 3.005500D-02 0.000000D+00 
3.329870D-01 -1.385980D-01 1.231920D-01 4.459800D-02 3.109400D-02 0.000000D+00 
1.568430D-01 3.027800D-02 -6.318600D-02 -1.117700D-02 -1.004800D-02 0.000000D+00 
2.154900D-02 3.332160D-01 -3.549020D-01 -1.381340D-01 -8.830600D-02 0.000000D+00 
-2.095000D-03 4.561530D-01 -6.197080D-01 -1.882850D-01 -1.298240D-01 0.000000D+00 
-1.739000D-03 2.850510D-01 8.129860D-01 -1.073990D-01 -7.693700D-02 0.000000D+00 
-3.000000D-04 4.614400D-02 8.191180D-01 4.448630D-01 2.126610D-01 0.000000D+00 
2.900000D-05 -3.249000D-03 -9.017050D-01 6.402390D-01 5.730610D-01 0.000000D+00 
-1.100000D-05 1.357000D-03 -1.359130D-01 6.445700D-02 3.696510D-01 1.000000D+00 

1.133440D+02 3.364140D+01 1.233100D+01 4.994780D+00 2.072800D+00 
8.307530D-01 3.091780D-01 1.001300D-01 

3.530000D-03 -3.890000D-03 5.695000D-03 0.000000D+00 
2.578400D-02 -2.844200D-02 4.200100D-02 0.000000D+00 
9.911900D-02 -1.124290D-01 1.735400D-01 0.000000D+00 
2.390730D-01 -2.742570D-01 4.101570D-01 0.000000D+00 
3.571990D-01 -3.155460D-01 1.132520D-01 0.000000D+00 
3.621880D-01 5.710900D-02 -7.696800D-01 0.000000D+00 
2.364610D-01 5.636040D-01 -3.164300D-02 0.000000D+00 
6.011800D-02 3.846370D-01 7.137970D-01 1.000000D+00 

3.275800D+00 7.920000D-01 

1.000000D+00 0.000000D+00 
0.000000D+00 1.000000D+00 

2.089700D+00 

1.0000000 
